33642
63855
38639
34956
8751
14490
48392
43719
5807
31048
42066
5766
61875
34049
5840
14546
33087
6823
65329
51903
8559
17281
7273
3386
45819
40631
59935
36814
14859
56701
15908
25241
18948
30446
40253
56040
42751
57886
36314
49574
30953
2852
42259
47265
12382
58629
54435
25141
50936
56041
46901
50302
23969
59149
34211
1962
49356
29091
50220
64796
64783
1423
1060
25779
46134
57622
46460
7403
9393
27913
36457
60535
8
31316
38339
24001
709
37951
8661
55700
21885
51510
55376
21454
48438
38167
55396
7567
34356
27371
5278
55974
28809
4309
37518
56731
7933
13359
53663
58731
6210
28026
15369
7130
7396
16442
60352
24923
52145
25185
40208
11894
32586
60800
47117
16443
17323
47722
29981
45104
22260
33221
17896
11882
3745
59966
36664
43095
14162
11056
2093
28317
12820
39310
39758
49719
40054
22608
48580
54139
14688
34380
56110
36457
60788
60739
43247
54704
56142
14652
7470
62127
16427
45176
988
21280
28928
56177
4477
7977
59556
26037
10309
39506
29193
7289
49841
39454
11155
29268
3884
835
2780
33119
56613
13734
8355
37366
42231
32057
43995
42177
31765
3300
61074
5899
60792
10039
8361
59547
26277
63656
4178
28397
6831
16189
22683
55954
576
17835
16296
9600
34891
29295
35417
5068
49901
55473
63244
28798
1333
57025
50705
44473
36245
22342
14776
24309
62387
58584
23253
32072
21330
24045
30245
9617
36835
16183
44279
9832
10303
18152
58480
42169
7083
45527
15498
49642
15211
34556
46954
12706
50763
3033
42065
16392
24803
12233
54327
57302
58686
8937
19146
59949
20969
47531
35273
1234
31505
59000
22552
26325
25306
53548
61108
29635
6234
42735
17663
27269
12638
34439
8442
64379
55803
13175
55
53568
47309
59331
41199
1313
42839
32527
14519
13313
19963
49241
25930
52812
55855
5092
54495
11789
16078
62337
5116
40305
10550
47690
65406
28209
13636
43141
114
31717
1455
24250
32048
24636
2277
19144
11587
29909
39823
28844
11664
45899
23729
12623
38025
5368
19199
43589
46383
16818
17165
39938
26452
60119
49462
28447
20060
59291
9289
38654
51711
5106
52741
46762
43033
42410
20395
16021
53331
30507
45716
50409
35809
1332
62002
53483
8634
10528
60700
51858
48133
5093
43376
62531
47868
39806
29874
58311
7638
29919
35885
39789
47163
42079
61273
54011
52185
62883
19896
64490
61234
8006
44027
17329
7600
52571
5138
7088
26334
58701
4356
22316
3221
11610
46170
38571
26408
7827
49070
47936
40048
4564
19505
24166
61482
31488
58187
37326
6901
21049
39400
24688
58913
46314
779
64950
5971
51367
2233
12906
9274
56381
13343
16422
61024
2151
8552
7388
62905
19742
47399
61358
43081
33635
62208
8247
10803
57656
62286
63606
44592
12043
4737
55707
5839
57133
2182
50032
36681
45334
974
32593
23508
26579
51659
6274
42576
56599
14615
34580
13046
42285
13144
3555
61815
54230
22934
60041
24600
52070
22575
40246
55333
26070
11105
26761
39817
4134
43381
17702
60185
29331
20384
37928
29163
6407
20840
29813
58581
56895
64367
64652
9029
1548
51463
22999
20837
24619
64303
15105
65524
10586
59042
6662
19932
56330
39205
16104
8062
45473
25326
23528
49444
12483
29586
49506
4723
2270
14687
37034
18681
26508
59821
25822
24039
28020
22480
23602
55078
63078
35375
42728
9266
22471
51399
2132
42089
22870
55638
29910
23536
37585
58083
64406
44936
40414
55170
58945
23436
35414
3884
49794
30846
40086
60654
23141
19635
13759
26474
22733
2260
34019
16907
63429
20615
12981
50362
1476
41859
3903
6030
22466
47735
5889
54759
19934
42994
8827
25654
63995
52480
48474
31849
12631
19703
63731
55767
62876
53452
21783
65017
11823
55785
55978
30260
16643
13294
18671
36887
16886
60703
20913
61352
53841
39986
42311
25084
30274
12413
22115
41157
52699
31929
33462
37081
22718
38371
20809
4418
61833
52318
7594
24912
7700
54936
63675
56831
28308
61345
45179
45192
5445
31243
144
36071
27964
50696
55608
52828
32539
6540
19045
52478
34913
4158
20741
55666
54216
61382
50526
48614
43284
4440
65246
17728
65262
1064
29800
7571
52368
25361
64521
26959
8330
27528
8779
42527
26933
29150
62613
55360
61331
10400
9000
30937
22886
64299
27303
50274
61767
12353
9007
12030
28016
13605
51070
59103
22118
63052
27297
3023
2011
64740
53605
13774
30174
45536
12141
55009
29130
34004
4609
13487
35505
14391
34042
6361
59199
33452
62641
53793
37133
59184
15098
53243
46459
51558
59632
38102
56542
39298
33864
13624
10178
37100
41193
20755
19036
2053
36655
54692
26946
27258
39089
48965
46932
19617
20646
6011
62685
1528
28383
4981
51756
29889
42072
15653
42529
31150
15206
9382
59891
12902
35716
7134
162
45857
65006
51806
45283
50218
50444
1775
52611
5394
28959
54779
4407
7647
12611
58271
49392
3017
3206
29823
55872
13457
29769
62796
29628
36406
49935
54517
18944
4625
4624
46154
40838
6045
6211
42674
56791
64858
53073
60803
13813
41665
31421
25079
41718
38521
31495
31730
40454
38102
28295
21698
56744
15811
25675
10350
7288
21409
63050
7385
64671
32626
43154
40807
11979
30612
54935
36697
29668
34325
13998
63366
27233
10192
49829
3409
18700
51035
56089
63319
17331
13134
15934
60465
53454
14361
60007
9059
64435
59308
1240
59422
23598
21927
9960
41323
54210
31568
4594
36207
22978
15338
20171
10412
37587
7650
64330
9693
48596
53420
22627
35410
22702
26451
10619
64822
23141
50708
49736
55429
46690
60142
40974
49301
11849
55128
34171
54722
1361
10536
29219
21102
39154
11279
10201
8545
127
63536
46382
44280
52882
16299
9573
35185
46582
49267
49002
21437
57006
1030
26440
1372
110
38802
50182
25689
7510
14096
51093
8184
56214
22910
27445
36279
50564
3323
45347
755
4000
23747
55442
5201
14700
24966
49924
59576
58097
17440
44685
37183
23483
39988
65414
30022
47901
48395
466
18718
6914
21657
30382
22947
55434
44981
56284
53020
28377
36100
35999
45244
41563
33451
57382
10161
46195
2870
62560
47112
19088
39213
58284
50633
36522
61417
14327
57638
60526
8406
51887
35958
11200
12114
11969
48458
43423
38958
52462
30315
6499
62964
4995
61006
46242
13629
21693
41927
40355
22107
932
7309
43376
30791
2500
22025
57840
54676
37238
60421
3964
